    0  0.000000E+00  0.000000E+00
    50  0.5319     1  0.117666E+01
   100  0.5618     2  0.997885E+00
   150  0.5263     3  0.123016E+01
   200  0.5479     4  0.111780E+01
   250  0.4990     5  0.112657E+01
   300  0.4983     6  0.120394E+01
   350  0.4828     7  0.141607E+01
   400  0.4837     8  0.136529E+01
   450  0.4803     9  0.125882E+01
   500  0.4789    10  0.121443E+01
   550  0.4812    11  0.128070E+01
   600  0.4910    12  0.125833E+01
   650  0.4887    13  0.124670E+01
   700  0.4864    14  0.121006E+01
   750  0.4759    15  0.126472E+01
   800  0.4770    16  0.123085E+01
   850  0.4775    17  0.122345E+01
   900  0.4808    18  0.126901E+01
   950  0.4748    19  0.128494E+01
  1000  0.4766    20  0.133630E+01
